100
4654564
4654563
4654562
4654561
4654560
4654559
4654558
4654557
4654556
4654555
4654554
4654553
4654552
4654551
4654550
4654549
4654548
4654547
4654546
4654545
4654544
4654543
4654542
4654541
4654540
4654539
4654538
4654537
4654536
4654535
4654534
4654533
4654532
4654531
4654530
4654529
4654528
4654527
4654526
4654525
4654524
4654523
4654522
4654521
4654520
4654519
4654518
4654517
4654516
4654515
4654514
4654513
4654512
4654511
4654510
4654509
4654508
4654507
4654506
4654505
4654504
4654503
4654502
4654501
4654500
4654499
4654498
4654497
4654496
4654495
4654494
4654493
4654492
4654491
4654490
4654489
4654488
4654487
4654486
4654485
4654484
4654483
4654482
4654481
4654480
4654479
4654478
4654477
4654476
4654475
4654474
4654473
4654472
4654471
4654470
4654469
4654468
4654467
4654466
4654465